Run semi-empirical minimization
 &qmmm
    qm_theory='AM1', grms_tol=0.0005,
 scfconv=1.d-10, ndiis_attempts=700,   qmcharge=1,
 /
   6    C1       -0.7240       -3.8520       -2.1180 
   6    C2       -2.1730       -3.3900       -1.8630 
   6    C3       -2.8540       -4.4300       -0.9570 
   6    C4       -2.8940       -3.3110       -3.2170 
   7    N1       -2.1290       -2.0790       -1.2010 
   6    C5       -3.2330       -1.3220       -0.8550 
   8    O1       -4.3900       -1.6800       -1.0740 
   6    C6       -2.9390       -0.0420       -0.0260 
   6    C7       -3.3210       -0.3230        1.4360 
   6    C8       -3.0660        0.8390        2.4280 
   6    C9       -3.5190        0.4380        3.8510 
   6   C10       -4.8050        1.1270        4.3210 
   6   C11       -5.8080        1.3020        3.1900 
   6   C12       -5.2410        2.1150        2.0260 
   6   C13       -3.7140        2.1660        2.0100 
   7    N2       -1.5420        0.3730       -0.1160 
   6   C14       -1.0950        1.2190       -1.1030 
   8    O2       -1.8650        1.7960       -1.8690 
   6   C15        0.4450        1.3460       -1.2470 
   6   C16        0.7550        2.8340       -1.5190 
   6   C17        2.2210        3.1290       -1.6610 
   6   C18        2.9900        2.9560       -2.7950 
   7    N3        4.2770        3.3280       -2.5050 
   6   C19        4.3700        3.7280       -1.1930 
   6   C20        3.0930        3.6380       -0.6420 
   6   C21        2.9140        4.0090        0.7070 
   6   C22        4.0150        4.4430        1.4530 
   6   C23        5.2790        4.5190        0.8740 
   6   C24        5.4810        4.1670       -0.4630 
   7    N4        1.2520        0.8010       -0.1340 
   6   C25        1.4220       -0.5650       -0.0090 
   8    O3        0.5700       -1.3470       -0.4320 
   6   C26        2.6960       -0.9940        0.7370 
   7    N5        3.3360       -2.1310        0.0640 
   6   C27        4.5240       -2.5990        0.7760 
   6   C28        5.1910       -3.5090       -0.2430 
   6   C29        4.7350       -2.9850       -1.6020 
   6   C30        3.8000       -1.8260       -1.2910 
   1    H1       -0.6950       -4.8290       -2.6100 
   1    H2       -0.1640       -3.9350       -1.1800 
   1    H3       -0.1880       -3.1380       -2.7540 
   1    H4       -2.8310       -5.4280       -1.4090 
   1    H5       -2.3500       -4.4900        0.0160 
   1    H6       -3.9040       -4.1830       -0.7640 
   1    H7       -2.4340       -2.5560       -3.8650 
   1    H8       -2.8510       -4.2710       -3.7440 
   1    H9       -3.9510       -3.0510       -3.1090 
   1   H10       -1.2050       -1.7150       -0.9730 
   1   H11       -3.5720        0.7480       -0.4480 
   1   H12       -4.3770       -0.6210        1.4740 
   1   H13       -2.7560       -1.1990        1.7840 
   1   H14       -1.9800        0.9950        2.4670 
   1   H15       -3.6470       -0.6490        3.9180 
   1   H16       -2.7240        0.6860        4.5650 
   1   H17       -5.2530        0.5490        5.1370 
   1   H18       -4.5590        2.1100        4.7400 
   1   H19       -6.1170        0.3140        2.8280 
   1   H20       -6.7180        1.7860        3.5680 
   1   H21       -5.6140        1.6940        1.0830 
   1   H22       -5.6240        3.1420        2.0710 
   1   H23       -3.3810        2.9470        2.7060 
   1   H24       -3.3640        2.4900        1.0240 
   1   H25       -0.8500       -0.2390        0.3010 
   1   H26        0.7160        0.7560       -2.1320 
   1   H27        0.2470        3.1520       -2.4370 
   1   H28        0.3390        3.4540       -0.7180 
   1   H29        2.7330        2.5990       -3.7850 
   1   H30        5.0500        3.3140       -3.1560 
   1   H31        1.9310        3.9640        1.1690 
   1   H32        3.8800        4.7270        2.4940 
   1   H33        6.1220        4.8650        1.4680 
   1   H34        6.4650        4.2380       -0.9160 
   1   H35        2.0670        1.3540        0.1090 
   1   H36        3.3880       -0.1470        0.8240 
   1   H37        2.3840       -1.2800        1.7490 
   1   H38        5.1940       -1.7680        1.0280 
   1   H39        4.2740       -3.1370        1.6960 
   1   H40        6.2820       -3.4960       -0.1450 
   1   H41        4.8520       -4.5450       -0.1150 
   1   H42        4.2100       -3.7790       -2.1450 
   1   H43        5.5820       -2.6640       -2.2150 
   1   H44        2.9830       -1.7740       -2.0160 
   1   H45        4.3580       -0.8810       -1.3230 

