Run semi-empirical minimization
 &qmmm
    qm_theory='AM1', grms_tol=0.0005,
 scfconv=1.d-10, ndiis_attempts=700,   qmcharge=0,
 /
   6    C1       -5.1400        2.1850       -3.6760 
   6    C2       -3.8430        1.6740       -3.1070 
   6    C3       -2.6780        1.8100       -3.8820 
   6    C4       -1.4450        1.3520       -3.4170 
   6    C5       -1.3540        0.7500       -2.1690 
   6    C6       -2.5170        0.6130       -1.3940 
   6    C7       -3.7750        1.0550       -1.8380 
   7    N1       -4.9400        0.8980       -1.0720 
   6    C8       -5.2290        0.3390        0.1700 
   7    N2       -4.2830       -0.1910        0.9560 
   6    C9       -4.6760       -0.7010        2.1330 
   6   C10       -5.9780       -0.7010        2.5650 
   6   C11       -6.9010       -0.1370        1.7090 
   7    N3       -6.5290        0.3740        0.5120 
   6   C12       -8.3420       -0.0560        2.0140 
   6   C13       -9.3120       -0.0540        1.0000 
   6   C14      -10.6700        0.0160        1.3090 
   6   C15      -11.0360        0.0820        2.6410 
   7    N4      -10.1490        0.0900        3.6560 
   6   C16       -8.8360        0.0290        3.3170 
   7    N5       -0.1520        0.2640       -1.6130 
   6   C17        1.0850        0.1860       -2.2280 
   8    O1        1.3650        0.4820       -3.3820 
   6   C18        2.1650       -0.3570       -1.3600 
   6   C19        3.0680       -1.2730       -1.9060 
   6   C20        4.0930       -1.7990       -1.1160 
   6   C21        4.2440       -1.3990        0.2200 
   6   C22        3.3360       -0.4690        0.7540 
   6   C23        2.3030        0.0530       -0.0290 
   6   C24        5.3630       -1.9590        1.0750 
   7    N6        6.6300       -1.2280        1.0710 
   6   C25        6.5540        0.1760        1.4770 
   6   C26        7.9540        0.8160        1.7010 
   7    N7        9.0830        0.2280        0.9450 
   6   C27        8.5790       -0.3630       -0.3080 
   6   C28        7.4280       -1.3950       -0.1510 
   6   C29        9.7860       -0.7730        1.7500 
   1    H1       -5.6130        2.8880       -2.9840 
   1    H2       -5.8200        1.3500       -3.8740 
   1    H3       -4.9850        2.7180       -4.6210 
   1    H4       -2.7200        2.2790       -4.8640 
   1    H5       -0.5750        1.4880       -4.0510 
   1    H6       -2.4330        0.1390       -0.4220 
   1    H7       -5.8030        1.2300       -1.4740 
   1    H8       -3.8830       -1.1290        2.7410 
   1    H9       -6.2410       -1.1400        3.5170 
   1   H10       -9.0090       -0.1090       -0.0440 
   1   H11      -11.4200        0.0150        0.5270 
   1   H12      -12.0800        0.1370        2.9370 
   1   H13       -8.1710        0.0670        4.1770 
   1   H14       -0.2320       -0.1370       -0.6870 
   1   H15        2.9720       -1.5810       -2.9460 
   1   H16        4.7780       -2.5220       -1.5540 
   1   H17        3.4400       -0.1370        1.7860 
   1   H18        1.6370        0.7980        0.3980 
   1   H19        5.0030       -2.0290        2.1100 
   1   H20        5.5430       -3.0020        0.7860 
   1   H21        6.0300        0.7610        0.7100 
   1   H22        5.9840        0.2720        2.4090 
   1   H23        7.8820        1.8740        1.4140 
   1   H24        8.1840        0.8250        2.7760 
   1   H25        9.4010       -0.8160       -0.8750 
   1   H26        8.2150        0.4640       -0.9340 
   1   H27        7.8620       -2.4020       -0.1330 
   1   H28        6.8130       -1.3230       -1.0540 
   1   H29       10.2550       -0.2930        2.6170 
   1   H30       10.5990       -1.2290        1.1730 
   1   H31        9.1360       -1.5750        2.1170 

