Run semi-empirical minimization
 &qmmm
    qm_theory='AM1', grms_tol=0.0005,
 scfconv=1.d-10, ndiis_attempts=700,   qmcharge=0,
 /
   6    C1       11.8790       62.2720       12.5700 
   6    C6       13.0020       61.4290       12.9100 
   6    C5       13.0970       60.0700       12.3920 
   6    C4       12.0310       59.5910       11.5250 
   7    N3       10.9610       60.4250       11.2160 
   6    C2       10.8580       61.7340       11.7100 
   6    C7       14.2380       59.1550       12.7120 
   6   C12       15.4330       59.5790       13.3830 
   6   C11       16.4280       58.6030       13.6150 
   7   N10       16.2320       57.3030       13.2020 
   6    C9       15.0670       56.9270       12.5590 
   7    N8       14.1010       57.8400       12.3270 
   7   N13       14.8520       55.6270       12.1280 
   6   C14       15.8220       54.6410       12.3220 
   6   C19       16.9500       54.5020       11.3930 
   6   C18       17.9150       53.4710       11.6480 
   6   C17       17.7740       52.5970       12.7860 
   6   C16       16.6780       52.7270       13.6880 
   6   C15       15.6980       53.7720       13.4360 
   7   N21       16.6000       51.8100       14.7980 
   6   C22       15.6290       51.7470       15.7840 
   6   C23       15.5950       50.5580       16.6890 
   6   C25       14.4230       50.2680       17.5190 
   6   C26       14.4230       49.1240       18.3960 
   6   C27       15.6000       48.2600       18.4460 
   6   C28       16.7470       48.5680       17.6080 
   6   C29       16.7510       49.6890       16.7480 
   6   C46       15.6960       47.0300       19.3680 
   7   N48       16.9170       46.9070       20.2190 
   6   C53       17.0970       48.1400       21.0700 
   6   C52       18.3750       48.0410       21.9490 
   7   N51       18.3370       46.7940       22.8210 
   6   C54       19.5220       46.6550       23.6800 
   6   C50       18.1720       45.5330       21.9710 
   6   C49       16.8770       45.6580       21.1040 
   8   O29       14.7890       52.6120       15.9830 
   6   C20       17.1480       55.4060       10.1540 

