Run semi-empirical minimization
 &qmmm
    qm_theory='AM1', grms_tol=0.0005,
 scfconv=1.d-10, ndiis_attempts=700,   qmcharge=0,
 /
   6     C        2.5320        0.0200       -0.0420 
   6    C1        1.0360        0.0080        0.0980 
   6    C2        0.3580        1.2190       -0.1140 
   6    C3       -1.0340        1.2930       -0.0610 
   6    C4       -1.7870        0.1470        0.1710 
   6    C5       -1.1140       -1.0460        0.4360 
   6    C6        0.2980       -1.1350        0.4610 
   7     N        0.9300       -2.3360        0.8440 
   6    C7        0.5190       -3.2530        1.8200 
   7    N1        1.3020       -4.3160        2.0400 
   6    C8        0.9360       -5.1440        3.0380 
   6    C9       -0.1480       -4.9270        3.8580 
   6   C10       -0.8930       -3.8020        3.5830 
   7    N2       -0.5720       -2.9950        2.5530 
   6   C11       -2.0370       -3.3360        4.3880 
   6   C12       -2.4010       -1.9770        4.4120 
   6   C13       -3.4660       -1.5320        5.1920 
   6   C14       -4.1560       -2.4660        5.9420 
   7    N3       -3.8610       -3.7810        5.9500 
   6   C15       -2.8200       -4.1810        5.1750 
   7    N4       -3.2040        0.1290        0.1460 
   6   C16       -4.0350        1.1840       -0.1810 
   8     O       -3.6800        2.3170       -0.4930 
   6   C17       -5.4990        0.9070       -0.1820 
   6   C18       -6.0860       -0.0670        0.6320 
   6   C19       -7.4740       -0.2270        0.6270 
   6   C20       -8.2930        0.5950       -0.1650 
   6   C21       -7.7010        1.5640       -0.9830 
   6   C22       -6.3140        1.7190       -0.9870 
   6   C23       -9.8020        0.5110       -0.0330 
   7    N5      -10.2340        0.7990        1.3410 
   6   C24       -9.9030        2.1750        1.7600 
   6   C25      -10.3260        2.4350        3.2210 
   7    N6      -11.7530        2.1840        3.5020 
   6   C26      -12.1180        0.8480        2.9850 
   6   C27      -11.6730        0.5560        1.5290 
   6   C28      -12.5980        3.2330        2.9350 
   1     H        2.8560        0.8800       -0.6410 
   1    H1        2.8840       -0.8710       -0.5730 
   1    H2        3.0120        0.0860        0.9380 
   1    H3        0.9110        2.1300       -0.3350 
   1    H4       -1.4900        2.2610       -0.2250 
   1    H5       -1.6940       -1.9460        0.6300 
   1    H6        1.9360       -2.3750        0.7810 
   1    H7        1.5760       -6.0100        3.1810 
   1    H8       -0.3590       -5.5910        4.6840 
   1    H9       -1.8440       -1.2500        3.8210 
   1   H10       -3.7380       -0.4830        5.2170 
   1   H11       -4.9870       -2.1690        6.5770 
   1   H12       -2.6440       -5.2510        5.2090 
   1   H13       -3.6210       -0.7800        0.2920 
   1   H14       -5.4980       -0.6670        1.3180 
   1   H15       -7.9310       -0.9540        1.2960 
   1   H16       -8.3110        2.2340       -1.5840 
   1   H17       -5.8690        2.5010       -1.6000 
   1   H18      -10.0910       -0.5110       -0.3110 
   1   H19      -10.2920        1.1810       -0.7510 
   1   H20      -10.3740        2.9070        1.0910 
   1   H21       -8.8220        2.3470        1.7100 
   1   H22      -10.0560        3.4590        3.5050 
   1   H23       -9.7310        1.7830        3.8760 
   1   H24      -13.1990        0.6890        3.0800 
   1   H25      -11.6530        0.1010        3.6420 
   1   H26      -12.2650        1.1640        0.8330 
   1   H27      -11.8990       -0.4950        1.3110 
   1   H28      -12.3090        4.2120        3.3350 
   1   H29      -13.6420        3.0740        3.2230 
   1   H30      -12.5500        3.2880        1.8430 

