Run semi-empirical minimization
 &qmmm
    qm_theory='AM1', grms_tol=0.0005,
 scfconv=1.d-10, ndiis_attempts=700,   qmcharge=0,
 /
   6    C1       -8.6110       15.0600       27.9540 
   8    O1       -7.9390       14.0390       27.9410 
   7    N2       -8.4610       15.9230       26.9050 
   6    C2       -7.8540       15.3510       25.6960 
   6    C3       -8.6270       17.3880       27.0110 
   6    C4      -10.0290       17.9100       27.2980 
   8    O4       -9.9290       19.2740       26.9980 
   6    C5      -10.4610       17.6450       28.7330 
   8    O5      -11.6920       18.2540       29.0200 
   6    C6      -10.6570       16.1520       28.9640 
   7    N7       -9.4610       15.2940       29.0040 
   6    C7       -9.2710       14.4910       30.2150 
   6   C20       -8.3810       15.7300       24.3360 
   6   C21       -9.7690       15.7120       24.0220 
   6   C22      -10.1950       15.9190       22.6940 
   6   C23       -9.2190       16.1520       21.6930 
   6   C24       -9.6080       16.3040       20.3490 
   6   C25       -8.6260       16.5080       19.3490 
   6   C26       -7.2630       16.5620       19.6620 
   6   C27       -6.8600       16.4030       21.0060 
   6   C28       -7.8280       16.1920       22.0220 
   6   C29       -7.4080       15.9830       23.3460 
   6   C31       -7.4760       17.9720       27.8940 
   6   C32       -6.1240       17.8900       27.1930 
   6   C33       -5.2260       16.8260       27.4940 
   6   C34       -4.0290       16.6670       26.7500 
   6   C35       -3.7300       17.5850       25.7230 
   6   C36       -4.6070       18.6600       25.4320 
   6   C37       -5.8030       18.8110       26.1630 
   6   C61      -11.7120       15.4510       28.0790 
   6   C62      -12.3100       14.2480       28.7790 
   6   C63      -13.1670       14.4220       29.8980 
   6   C64      -13.7000       13.2810       30.5420 
   6   C65      -13.3740       11.9820       30.0580 
   6   C66      -12.5290       11.8140       28.9440 
   6   C67      -11.9920       12.9540       28.3040 
   6   C70       -9.3740       15.1480       31.5710 
   6   C71      -10.2280       14.4920       32.4770 
   6   C72      -10.2720       14.9260       33.8000 
   6   C73      -11.1560       14.2820       34.7090 
   6   C74      -11.2450       14.7480       36.0440 
   6   C75      -10.4350       15.8370       36.4510 
   6   C76       -9.5400       16.4750       35.5530 
   6   C77       -9.4550       16.0280       34.2120 
   6   C78       -8.6050       16.6910       33.2880 
   6   C79       -8.5740       16.2520       31.9620 

