Run semi-empirical minimization
 &qmmm
    qm_theory='AM1', grms_tol=0.0005,
 scfconv=1.d-10, ndiis_attempts=700,   qmcharge=0,
 /
   6    C1       -3.5440        1.1310        0.2380 
   6    C2       -4.7520        0.6850       -0.3140 
   6    C3       -4.7600       -0.4180       -1.1540 
   6    C4       -3.5830       -1.0830       -1.4530 
   6    C5       -2.3780       -0.6340       -0.9000 
   6    C6       -2.3210        0.4850       -0.0380 
   6    C7       -1.0210        0.9350        0.5320 
   6    C8       -0.8810        2.0120        1.3770 
   6    C9        0.3930        2.2850        1.8080 
   7    N1        1.4820        1.5880        1.4690 
   6   C10        1.2700        0.5560        0.6460 
   7    N2        0.0600        0.2070        0.1680 
   6   C11        2.4370       -0.2540        0.2340 
   6   C12        2.2970       -1.3600       -0.6310 
   6   C13        3.4000       -2.1270       -1.0220 
   6   C14        4.6630       -1.7990       -0.5500 
   6   C15        4.8430       -0.7200        0.3030 
   6   C16        3.7380        0.0450        0.6910 
   9    F1        5.7190       -2.5320       -0.9230 
   9    F2        0.5680        3.3280        2.6330 
   9    F3       -5.9150       -0.8420       -1.6800 
   1    H1       -3.5940        1.9990        0.8900 
   1    H2       -5.6850        1.1930       -0.0900 
   1    H3       -3.6010       -1.9450       -2.1130 
   1    H4       -1.4680       -1.1760       -1.1530 
   1    H5       -1.6950        2.6370        1.7090 
   1    H6        1.3140       -1.6340       -1.0120 
   1    H7        3.2770       -2.9740       -1.6880 
   1    H8        5.8380       -0.4770        0.6620 
   1    H9        3.9010        0.8880        1.3610 

