Run semi-empirical minimization
 &qmmm
    qm_theory='AM1', grms_tol=0.0005,
 scfconv=1.d-10, ndiis_attempts=700,   qmcharge=0,
 /
   6    C1        4.8750        4.8530       -0.1070 
   6    C2        3.6350        4.0170        0.0730 
   6    C3        3.6660        2.6070       -0.0150 
   6    C4        2.4570        1.9160        0.1670 
   6    C5        1.2470        2.5730        0.4400 
   6    C6        1.2380        3.9590        0.5260 
   6    C7        2.4220        4.6750        0.3430 
   7    N1        0.1010        1.7670        0.5990 
   6    C8       -1.1700        2.1700        0.9610 
   8    O1       -1.5370        3.2950        1.2710 
   6    C9       -2.1670        1.0680        0.9900 
   6   C10       -2.2490        0.1440       -0.0590 
   6   C11       -3.1980       -0.8800       -0.0110 
   6   C12       -4.0760       -0.9870        1.0790 
   6   C13       -3.9800       -0.0550        2.1250 
   6   C14       -3.0410        0.9780        2.0750 
   6   C15       -5.0900       -2.1140        1.1370 
   7    N2       -6.4550       -1.6680        1.4490 
   6   C16       -6.9920       -0.7640        0.4070 
   6   C17       -8.5370       -0.7270        0.3770 
   7    N3       -9.1630       -2.0360        0.0970 
   6   C18       -8.2730       -3.1520        0.4780 
   6   C19       -7.3630       -2.8130        1.6800 
   6   C20       -9.5770       -2.1560       -1.2970 
   7    N4        4.8800        1.9460       -0.2590 
   6   C21        5.2760        0.6120       -0.2950 
   7    N5        4.4190       -0.3970       -0.0960 
   6   C22        4.9150       -1.6440       -0.1330 
   6   C23        6.2360       -1.9280       -0.3690 
   6   C24        7.0630       -0.8430       -0.5720 
   7    N6        6.5860        0.4220       -0.5300 
   6   C25        8.5080       -0.9700       -0.8330 
   6   C26        9.4010        0.0420       -0.4710 
   7    N7       10.7450        0.0070       -0.6600 
   6   C27       11.2430       -1.0930       -1.2540 
   6   C28       10.4610       -2.1560       -1.6670 
   6   C29        9.0830       -2.0890       -1.4540 
   1    H1        5.2980        4.6920       -1.1040 
   1    H2        5.6190        4.5990        0.6560 
   1    H3        4.6590        5.9240       -0.0120 
   1    H4        2.4480        0.8330        0.0990 
   1    H5        0.3280        4.5140        0.7310 
   1    H6        2.3890        5.7600        0.4150 
   1    H7        0.2510        0.7710        0.4910 
   1    H8       -1.5990        0.2300       -0.9260 
   1    H9       -3.2570       -1.5880       -0.8350 
   1   H10       -4.6550       -0.1230        2.9760 
   1   H11       -2.9910        1.7060        2.8820 
   1   H12       -4.7370       -2.8000        1.9180 
   1   H13       -5.0830       -2.6800        0.1960 
   1   H14       -6.6400       -1.0610       -0.5910 
   1   H15       -6.6250        0.2530        0.5910 
   1   H16       -8.8760        0.0370       -0.3330 
   1   H17       -8.8970       -0.3920        1.3590 
   1   H18       -7.6310       -3.4500       -0.3620 
   1   H19       -8.8930       -4.0190        0.7320 
   1   H20       -8.0000       -2.5600        2.5390 
   1   H21       -6.8110       -3.7110        1.9830 
   1   H22       -8.7350       -2.0380       -1.9880 
   1   H23      -10.3310       -1.3990       -1.5390 
   1   H24      -10.0410       -3.1300       -1.4820 
   1   H25        5.6930        2.5200       -0.4200 
   1   H26        4.1930       -2.4360        0.0450 
   1   H27        6.5880       -2.9500       -0.3730 
   1   H28        9.0470        0.9510        0.0120 
   1   H29       12.3200       -1.0970       -1.3980 
   1   H30       10.9130       -3.0170       -2.1480 
   1   H31        8.4670       -2.9150       -1.7990 

